Lead V1
RMSE: 0.0610
R^2: 0.5418
Pearson Correlation: 0.9275
RMSE per time point: [0.03627315994699906, 0.036092522457938266, 0.03604697016902046, 0.03564798534154514, 0.03515485025548153, 0.03396928577803374, 0.03400155045083702, 0.033740010182882293, 0.033642967533641155, 0.032860601662791526, 0.032208355538809054, 0.03101269978896612, 0.029608670565522296, 0.02878378107170657, 0.028399079082506603, 0.028212019927688254, 0.027483573458970217, 0.027254995522046157, 0.027238468976241274, 0.02701475659387173, 0.027915944824995643, 0.02923582555490239, 0.030632718351989868, 0.03188625513629913, 0.03300667697695863, 0.03366452333679465, 0.03388149340459317, 0.03309330673286402, 0.03153779754036222, 0.03002157288977441, 0.02858224907297458, 0.02770660034474642, 0.027059084553143854, 0.027326284915013863, 0.02977248658348716, 0.035882827364748654, 0.050169225680870705, 0.06946593109669909, 0.11193480115217946, 0.18455625796060926, 0.2028141701525336, 0.20200063245337221, 0.16426569149396242, 0.12063160842170563, 0.087388144186063, 0.06804435787905473, 0.058474355281483016, 0.054162984719049, 0.04863450522904454, 0.04008537281593256, 0.03508591628624418, 0.03460302216971957, 0.034974935165321075, 0.03426955306814454, 0.03418477752834659, 0.0352680636841838, 0.03708847104809939, 0.04017705709270829, 0.04422813851879426, 0.048029472990736836, 0.05213482839445555, 0.056134486116712644, 0.05937851411915452, 0.061673575242744874, 0.06281251606021818, 0.06244510407551376, 0.060591325742068484, 0.057481521205204424, 0.05348462146976466, 0.04912424271821768, 0.04485406142215853, 0.04174554281309908, 0.03988501865118284, 0.03932851262450865, 0.039097624239805596, 0.036238740406302816, 0.0338113561898179, 0.034246054178862034, 0.03499595968137134, 0.034204629972008856]

Lead V3
RMSE: 0.1124
R^2: 0.6468
Pearson Correlation: 0.8919
RMSE per time point: [0.05726857486043448, 0.05607985380567522, 0.06072967473732922, 0.059248284749893694, 0.060962558962341123, 0.057760844341693866, 0.05686881756068734, 0.05754311086120805, 0.0563521106866316, 0.05278770186970474, 0.05175392665372411, 0.04872766677842763, 0.0466312223506661, 0.0462764089576282, 0.04339086843854208, 0.04325149558726551, 0.0404408553882215, 0.03796484354926601, 0.03672380322158637, 0.035833805162830884, 0.03549090346387178, 0.035974063622229616, 0.03720484650953643, 0.03854405611499649, 0.03937862264440747, 0.03982645465833435, 0.03990422041896461, 0.03915776732938968, 0.03880431147874889, 0.04000540046562425, 0.04149558396643448, 0.0419461462091803, 0.04113672287021549, 0.042322072205552924, 0.046912939835281525, 0.05734965018257682, 0.07672983169858717, 0.12184385001201302, 0.1970778486603127, 0.33925147609145806, 0.44973421540729924, 0.4547982175952341, 0.3003773182685179, 0.18216931584516877, 0.12213646204611092, 0.08788855707485117, 0.06548792142993823, 0.05809564124553446, 0.053634281035550804, 0.050726508386355604, 0.05118701523281928, 0.05123766045576385, 0.054016631508111555, 0.057701789816058835, 0.05958065325827019, 0.0637874188849013, 0.06788408158098193, 0.07357340268711263, 0.08118602117076919, 0.08737072320455483, 0.09202329911674564, 0.09666793628321994, 0.10090388459976418, 0.10381150845857703, 0.10513954699398764, 0.10516573546604806, 0.10373334294807557, 0.10125043013719102, 0.09723583244962782, 0.09210297574900408, 0.08697491333049824, 0.0789229961959592, 0.07444067058260884, 0.0699228507789878, 0.06754659060245986, 0.0632906978703187, 0.05944831744575164, 0.05551604794734018, 0.05779791583628411, 0.05568125622402291]

Lead V4
RMSE: 0.1205
R^2: 0.5422
Pearson Correlation: 0.8710
RMSE per time point: [0.06606967804697549, 0.06055095142294122, 0.06227135893979124, 0.06205692246843366, 0.06165613743773534, 0.05945653738097509, 0.05815024316011955, 0.05845801035302174, 0.057663806351217435, 0.05435305167285779, 0.05244200947538979, 0.050874995071628466, 0.048108546849326785, 0.04844198265116656, 0.04643955254062103, 0.045062326992192286, 0.04314806284063418, 0.041671469501541304, 0.040418642807255066, 0.03959731852417407, 0.03914242392327873, 0.0395583766433979, 0.03987344746103371, 0.041508572985630696, 0.04120365513625863, 0.04100893684172534, 0.04262618174096832, 0.041708220719193764, 0.04203640289353507, 0.04147824865675421, 0.04118981479392668, 0.042001081869158026, 0.04154206904080931, 0.04335331309309219, 0.04796845267166908, 0.059669178611366835, 0.08189816245590363, 0.1263982452337274, 0.20997855516088354, 0.3891931440436037, 0.5091750723198175, 0.48575944815973066, 0.3248502368470016, 0.19138004635708122, 0.11766472153912239, 0.08573296544040455, 0.06338120219099909, 0.057111949933022675, 0.05836024753525183, 0.057183983544042444, 0.05527608202924476, 0.05266244502455124, 0.054546623362140646, 0.05679582687530778, 0.06019973255518385, 0.0635152166559148, 0.06733037090805616, 0.07147898223637088, 0.07728373249164122, 0.08328620057000474, 0.0878438574750458, 0.09239510324510397, 0.09672314393428937, 0.10032802091315918, 0.10269964331971596, 0.10377153181127528, 0.10317740038533392, 0.10068896125716076, 0.0964241782759199, 0.09044715743999726, 0.08488270021033796, 0.07847611323548898, 0.07218882635761784, 0.0660746210951137, 0.0662107805603084, 0.06166034965525793, 0.05768277093586625, 0.0559845909811561, 0.06146080296873923, 0.0655817846449674]

Lead V5
RMSE: 0.0936
R^2: 0.5397
Pearson Correlation: 0.9028
RMSE per time point: [0.05220804745880445, 0.04931878524880392, 0.048920511256661386, 0.048684902046310936, 0.04778100216561504, 0.045739501490425265, 0.04622063855960422, 0.04429840541822395, 0.04538821028834688, 0.04407277841817467, 0.042828055729796886, 0.04178050396998978, 0.03974182312747766, 0.040118846376906436, 0.03897235343782325, 0.037233801168641625, 0.03528443389046036, 0.03432982250879485, 0.03364330615830657, 0.03300990022596266, 0.03288063029448462, 0.033207541698226414, 0.03376018203124191, 0.034568678805394326, 0.03532471920675011, 0.03614805874714886, 0.03678617768784795, 0.03673522002692159, 0.037175902831738106, 0.03715634178590923, 0.03651537713902428, 0.03629927280514572, 0.03551793556726065, 0.036549322325189065, 0.03791339969221397, 0.043054117489612846, 0.05626935198786662, 0.08591012386084722, 0.15942564201178022, 0.3174144384313749, 0.4035246829506514, 0.36987698742567465, 0.24311476112636005, 0.14440829239131808, 0.09166118750317848, 0.07229270728716841, 0.05399365410111059, 0.04640991287357952, 0.04390414893837771, 0.043054233986395844, 0.043850393160125595, 0.043208897135999555, 0.044268584234509877, 0.045334137896995, 0.047718936500421034, 0.049020514538292474, 0.05024572844161816, 0.052626122660947995, 0.05558960180714114, 0.059879338594532, 0.06380278948438266, 0.06715736399004146, 0.06993618980181295, 0.07192765795775719, 0.07336244540953944, 0.07413724530601912, 0.07401368771100542, 0.07308867253181228, 0.07131815012083886, 0.06829990641206189, 0.06498132285723227, 0.062050609747191066, 0.05886358993092025, 0.05469574861290034, 0.0560755043571798, 0.052145776830735985, 0.05005955544403868, 0.04652723520943123, 0.046474288604022806, 0.049342278450912]

Lead V6
RMSE: 0.0705
R^2: 0.5051
Pearson Correlation: 0.9126
RMSE per time point: [0.04383798974176527, 0.04191207160959387, 0.04184681819457989, 0.04150126292240826, 0.04002415244310932, 0.03917043821816635, 0.03964946362378388, 0.04008258849201685, 0.03939415130943585, 0.03820639921647833, 0.03721056090301647, 0.0366163882905106, 0.03538141237038992, 0.03536476613511804, 0.035126366084400805, 0.033958210408915605, 0.032663908598960005, 0.03212027741052946, 0.03187827021978613, 0.03178881669174316, 0.03177576781495778, 0.032073103941557, 0.03238154592329875, 0.032834631898536394, 0.03324986450452826, 0.033596131876142035, 0.034174869784959955, 0.03365020298770172, 0.033538703950301924, 0.03390585030092847, 0.03297966908392151, 0.032412936723324764, 0.03165342781761684, 0.0316105602974206, 0.03183201496284911, 0.03515355952586735, 0.04353872133428093, 0.06018227262170265, 0.11305463343546321, 0.23082820554907998, 0.2935309839429084, 0.262992937720749, 0.17823808307390032, 0.11388245382552652, 0.07679581295324744, 0.06059553063676272, 0.04587823637875816, 0.04065225852835293, 0.03814362394231235, 0.03645077060908828, 0.03713068861989927, 0.035935620427146264, 0.03616069382597775, 0.03630514477256437, 0.03777158909692972, 0.03894102216573655, 0.040033240780655184, 0.04180548677853572, 0.04372198288658388, 0.04616580063206278, 0.0485451405685081, 0.05064947921609031, 0.05268631158971815, 0.05419685514271004, 0.05532504571968665, 0.055910527945839845, 0.055932697261399864, 0.055266421127841955, 0.054415231494010896, 0.052957165712962245, 0.050864977821178235, 0.049185135847896966, 0.047065875239202276, 0.045441337969854806, 0.04436361766449884, 0.04253601118767753, 0.04266113698369592, 0.042313643728905705, 0.04280018073823154, 0.04244237549443746]

